0.1	2.560832325e+19	1707.22155
0.2	1.707381e+17	11.38254
0.3	6.62382e+16	4.41588
0.4	3.6133725e+16	2.408915
0.5	2.3134575e+16	1.542305
0.6	1.60966725e+16	1.0731115
0.7	1.2165645e+16	0.811043
0.8	9.37182e+15	0.624788
0.9	7.622865e+15	0.508191
1.0	6.03249e+15	0.402166
1.1	4.702185e+15	0.313479
1.2	4.105935e+15	0.273729
1.3	3.623265e+15	0.241551
1.4	3.254265e+15	0.216951
1.5	2.897835e+15	0.193189
1.6	2.58819e+15	0.172546
1.7	2.30676e+15	0.153784
1.8	1.988295e+15	0.132553
1.9	1.7972925e+15	0.1198195
2.0	1.617315e+15	0.107821
2.1	1.44586125e+15	0.09639075
2.2	1.39436475e+15	0.09295765
2.3	1.32265575e+15	0.08817705
2.4	1.25771325e+15	0.08384755
2.5	1.1507655e+15	0.0767177
2.6	1.02457275e+15	0.06830485
2.7	9.5000775e+14	0.06333385
2.8	8.4784875e+14	0.05652325
2.9	7.9274925e+14	0.05284995
3.0	7.648485e+14	0.0509899
3.1	7.2301875e+14	0.04820125
3.2	6.8549475e+14	0.04569965
3.3	6.34833e+14	0.0423222
3.4	6.0640425e+14	0.04042695
3.5	5.7489975e+14	0.03832665
3.6	5.3649675e+14	0.03576645
3.7	5.1369225e+14	0.03424615
3.8	4.84824e+14	0.0323216
3.9	4.57494e+14	0.0304996
4.0	4.3499775e+14	0.02899985
4.1	4.164555e+14	0.0277637
4.2	4.02351e+14	0.0268234
4.3	3.858735e+14	0.0257249
4.4	3.7053825e+14	0.02470255
4.5	3.3266325e+14	0.02217755
4.6	2.9795175e+14	0.01986345
4.7	2.98083e+14	0.0198722
4.8	3.06651e+14	0.0204434
4.9	3.1271475e+14	0.02084765
5.0	2.8283625e+14	0.01885575
5.1	2.46894e+14	0.0164596
5.2	2.3929275e+14	0.01595285
5.3	2.3028525e+14	0.01535235
5.4	2.2488e+14	0.014992
5.5	2.30856e+14	0.0153904
5.6	2.294505e+14	0.0152967
5.7	2.13105e+14	0.014207
5.8	1.8617025e+14	0.01241135
5.9	1.679355e+14	0.0111957
6.0	1.528203e+14	0.01018802
6.1	1.3915515e+14	0.00927701
6.2	1.40824875e+14	0.009388325
6.3	1.44471825e+14	0.009631455
6.4	1.47547575e+14	0.009836505
6.5	1.25709825e+14	0.008380655
6.6	1.00620525e+14	0.006708035
6.7	1.0598115e+14	0.00706541
6.8	1.122645e+14	0.0074843
6.9	1.134948e+14	0.00756632
7.0	1.0721145e+14	0.00714743
7.1	9.802815e+13	0.00653521
7.2	9.877515e+13	0.00658501
7.3	9.279945e+13	0.00618663
7.4	8.5110075e+13	0.005674005
7.5	7.8475275e+13	0.005231685
7.6	7.3685925e+13	0.004912395
7.7	7.0610175e+13	0.004707345
7.8	6.23496e+13	0.00415664
7.9	5.5846575e+13	0.003723105
8.0	6.4326825e+13	0.004288455
8.1	7.5443475e+13	0.005029565
8.2	7.6542e+13	0.0051028
8.3	7.566315e+13	0.00504421
8.4	7.2851025e+13	0.004856735
8.5	8.30889e+13	0.00553926
8.6	9.4205475e+13	0.006280365
8.7	7.8651e+13	0.0052434
8.8	4.8640575e+13	0.003242705
8.9	3.444825e+13	0.00229655
9.0	4.134675e+13	0.00275645
9.1	4.741035e+13	0.00316069
9.2	4.503765e+13	0.00300251
9.3	3.6908925e+13	0.002460595
9.4	3.110895e+13	0.00207393
9.5	3.1328625e+13	0.002088575
9.6	3.1372575e+13	0.002091505
9.7	2.9043825e+13	0.001936255
9.8	2.2277175e+13	0.001485145
9.9	1.889385e+13	0.00125959
10.0	2.0958975e+13	0.001397265
10.1	2.174985e+13	0.00144999
10.2	2.003625e+13	0.00133575
10.3	1.90257e+13	0.00126838
10.4	1.8015075e+13	0.001201005
10.5	1.4587785e+13	0.000972519
10.6	1.32256725e+13	0.0008817115
10.7	1.3752945e+13	0.000916863
10.8	1.53347325e+13	0.0010223155
10.9	1.5246855e+13	0.001016457
11.0	1.054539e+13	0.000703026
11.1	8.2166175e+12	0.0005477745
11.2	7.689345e+12	0.000512623
11.3	6.0196575e+12	0.0004013105
11.4	5.8439025e+12	0.0003895935
11.5	6.41511e+12	0.000427674
11.6	6.239355e+12	0.000415957
11.7	5.0090625e+12	0.0003339375
11.8	3.5590725e+12	0.0002372715
11.9	3.8666475e+12	0.0002577765
12.0	3.77877e+12	0.000251918
12.1	3.471195e+12	0.000231413
12.2	2.63634975e+12	0.00017575665
12.3	7.90903875e+11	5.2726925e-05
12.4	43939125000.0	2.929275e-06
12.5	0.0	0.0
12.6	0.0	0.0
12.7	0.0	0.0
12.8	0.0	0.0
12.9	0.0	0.0
13.0	2.724225e+12	0.000181615
13.1	6.0196575e+12	0.0004013105
13.2	4.7014875e+12	0.0003134325
13.3	1.406055e+12	9.3737e-05
13.4	0.0	0.0
13.5	0.0	0.0
13.6	0.0	0.0
13.7	5.71209e+11	3.80806e-05
13.8	2.2848315e+12	0.0001523221
13.9	3.075735e+12	0.000205049
14.0	1.3621125e+12	9.08075e-05
14.1	0.0	0.0
14.2	6.5908725e+11	4.393915e-05
14.3	2.06514225e+12	0.00013767615
14.4	2.7242325e+12	0.0001816155
14.5	1.3181775e+12	8.78785e-05
14.6	0.0	0.0
14.7	0.0	0.0
14.8	0.0	0.0
14.9	0.0	0.0
15.0	0.0	0.0
15.1	0.0	0.0
15.2	0.0	0.0
15.3	0.0	0.0
15.4	0.0	0.0
15.5	0.0	0.0
15.6	0.0	0.0
15.7	0.0	0.0
15.8	0.0	0.0
15.9	0.0	0.0
16.0	0.0	0.0
16.1	0.0	0.0
16.2	0.0	0.0
16.3	0.0	0.0
16.4	0.0	0.0
16.5	0.0	0.0
16.6	0.0	0.0
16.7	0.0	0.0
16.8	0.0	0.0
16.9	0.0	0.0
17.0	0.0	0.0
17.1	0.0	0.0
17.2	0.0	0.0
17.3	0.0	0.0
17.4	0.0	0.0
17.5	0.0	0.0
