0.0	3.23034e+19	2153.56
0.1	1.59924e+17	10.6616
0.2	5.528115e+16	3.68541
0.3	2.802765e+16	1.86851
0.4	1.744425e+16	1.16295
0.5	1.1506605e+16	0.767107
0.6	8.54391e+15	0.569594
0.7	6.49872e+15	0.433248
0.8	5.116515e+15	0.341101
0.9	4.3104e+15	0.28736
1.0	3.47844e+15	0.231896
1.1	3.034155e+15	0.202277
1.2	2.60628e+15	0.173752
1.3	2.253315e+15	0.150221
1.4	2.03922e+15	0.135948
1.5	1.71183e+15	0.114122
1.6	1.588635e+15	0.105909
1.7	1.4373435e+15	0.0958229
1.8	1.277505e+15	0.085167
1.9	1.2131805e+15	0.0808787
2.0	1.0519275e+15	0.0701285
2.1	9.9531e+14	0.066354
2.2	9.36438e+14	0.0624292
2.3	8.37777e+14	0.0558518
2.4	8.04384e+14	0.0536256
2.5	7.060905e+14	0.0470727
2.6	6.83496e+14	0.0455664
2.7	6.53877e+14	0.0435918
2.8	5.845725e+14	0.0389715
2.9	5.720955e+14	0.0381397
3.0	5.013765e+14	0.0334251
3.1	4.94982e+14	0.0329988
3.2	4.60434e+14	0.0306956
3.3	4.30815e+14	0.028721
3.4	4.26255e+14	0.028417
3.5	3.706335e+14	0.0247089
3.6	3.62403e+14	0.0241602
3.7	3.36768e+14	0.0224512
3.8	3.126525e+14	0.0208435
3.9	3.07725e+14	0.020515
4.0	2.741745e+14	0.0182783
4.1	2.674635e+14	0.0178309
4.2	2.49273e+14	0.0166182
4.3	2.34123e+14	0.0156082
4.4	2.325495e+14	0.0155033
4.5	2.02668e+14	0.0135112
4.6	1.99209e+14	0.0132806
4.7	1.85946e+14	0.0123964
4.8	1.73679e+14	0.0115786
4.9	1.727355e+14	0.0115157
5.0	1.60992e+14	0.0107328
5.1	1.497735e+14	0.0099849
5.2	1.4458365e+14	0.00963891
5.3	1.331553e+14	0.00887702
5.4	1.3509495e+14	0.00900633
5.5	1.1790015e+14	0.00786001
5.6	1.163799e+14	0.00775866
5.7	1.071534e+14	0.00714356
5.8	1.028022e+14	0.00685348
5.9	9.99714e+13	0.00666476
6.0	9.60396e+13	0.00640264
6.1	8.82285e+13	0.0058819
6.2	8.68131e+13	0.00578754
6.3	7.832055e+13	0.00522137
6.4	7.9002e+13	0.0052668
6.5	7.150545e+13	0.00476703
6.6	6.9723e+13	0.0046482
6.7	6.332745e+13	0.00422183
6.8	6.144015e+13	0.00409601
6.9	6.039165e+13	0.00402611
7.0	5.09031e+13	0.00339354
7.1	5.39436e+13	0.00359624
7.2	4.99071e+13	0.00332714
7.3	4.9278e+13	0.0032852
7.4	4.770525e+13	0.00318035
7.5	4.16766e+13	0.00277844
7.6	3.790215e+13	0.00252681
7.7	3.96321e+13	0.00264214
7.8	3.355095e+13	0.00223673
7.9	3.643425e+13	0.00242895
8.0	3.009105e+13	0.00200607
8.1	2.961915e+13	0.00197461
8.2	2.83611e+13	0.00189074
8.3	2.657865e+13	0.00177191
8.4	2.694555e+13	0.00179637
8.5	2.353815e+13	0.00156921
8.6	2.306625e+13	0.00153775
8.7	1.86627e+13	0.00124418
8.8	1.95015e+13	0.0013001
8.9	1.97112e+13	0.00131408
9.0	1.635615e+13	0.00109041
9.1	1.651335e+13	0.00110089
9.2	1.368249e+13	0.000912166
9.3	1.3263105e+13	0.000884207
9.4	1.4311575e+13	0.000954105
9.5	1.163799e+13	0.000775866
9.6	1.179525e+13	0.00078635
9.7	1.0904055e+13	0.000726937
9.8	1.0065285e+13	0.000671019
9.9	9.54105e+12	0.00063607
10.0	8.49258e+12	0.000566172
10.1	7.811085e+12	0.000520739
10.2	7.234425e+12	0.000482295
10.3	6.867465e+12	0.000457831
10.4	5.76657e+12	0.000384438
10.5	5.29476e+12	0.000352984
10.6	5.452035e+12	0.000363469
10.7	4.508415e+12	0.000300561
10.8	3.355095e+12	0.000223673
10.9	4.403565e+12	0.000293571
11.0	3.617205e+12	0.000241147
11.1	2.72601e+12	0.000181734
11.2	2.778435e+12	0.000185229
11.3	2.306625e+12	0.000153775
11.4	1.88724e+12	0.000125816
11.5	1.99209e+12	0.000132806
11.6	2.09694e+12	0.000139796
11.7	1.258161e+12	8.38774e-05
11.8	1.4678535e+12	9.78569e-05
11.9	1.3630065e+12	9.08671e-05
12.0	8.38773e+11	5.59182e-05
12.1	1.048467e+12	6.98978e-05
12.2	9.4362e+11	6.2908e-05
12.3	2.621175e+11	1.74745e-05
12.4	7.86351e+11	5.24234e-05
12.5	1.572705e+11	1.04847e-05
12.6	2.09694e+11	1.39796e-05
12.7	1.572705e+11	1.04847e-05
12.8	2.09694e+11	1.39796e-05
12.9	0.0	0.0
13.0	0.0	0.0
13.1	52423350000.0	3.49489e-06
13.2	0.0	0.0
13.3	0.0	0.0
13.4	0.0	0.0
13.5	0.0	0.0
13.6	0.0	0.0
13.7	0.0	0.0
13.8	0.0	0.0
13.9	0.0	0.0
14.0	0.0	0.0
14.1	0.0	0.0
14.2	0.0	0.0
14.3	0.0	0.0
14.4	0.0	0.0
14.5	0.0	0.0
14.6	0.0	0.0
14.7	0.0	0.0
14.8	0.0	0.0
14.9	0.0	0.0
15.0	0.0	0.0
15.1	0.0	0.0
15.2	0.0	0.0
15.3	0.0	0.0
15.4	0.0	0.0
15.5	0.0	0.0
15.6	0.0	0.0
15.7	0.0	0.0
15.8	0.0	0.0
15.9	0.0	0.0
16.0	0.0	0.0
16.1	0.0	0.0
16.2	0.0	0.0
16.3	0.0	0.0
16.4	0.0	0.0
16.5	0.0	0.0
16.6	0.0	0.0
16.7	0.0	0.0
16.8	0.0	0.0
16.9	0.0	0.0
17.0	0.0	0.0
17.1	0.0	0.0
17.2	0.0	0.0
17.3	0.0	0.0
17.4	0.0	0.0
17.5	0.0	0.0
17.6	0.0	0.0
17.7	0.0	0.0
17.8	0.0	0.0
17.9	0.0	0.0
