#energy	xsecv3 (m=0.5 GeV)	xsecv4 (m=0.001GeV)	xsecv5 (m=0.01GeV)	xsecv6 (m=0.05GeV)	nPhoton
0.001	0.0	0.0	0.0	0.0	19823458166.4
0.101	0.0	       36755.0	       19493.0	       3294.2	17280389381.4
0.201	0.0	       37077.0	       23503.0	       7166.8	15203328330.4
0.301	0.0	       37056.0	       25928.0	       9294.0	13552397892.1
0.401	0.0	       37110.0	       27451.0	       10793.0	12303261022.2
0.501	0.0	       37246.0	       28630.0	       11908.0	11447541512.5
0.601	       4.3399	       37087.0	       29437.0	       12662.0	10994101338.6
0.701	       11.729	       37096.0	       30194.0	       13817.0	10971366082.5
0.801	       20.987	       37082.0	       30795.0	       14513.0	11430978042.8
0.901	       31.998	       37146.0	       31292.0	       14891.0	12453177080.7
1.001	       44.955	       37111.0	       31634.0	       15425.0	14154475638.7
1.101	       60.142	       37077.0	       32263.0	       15788.0	16698426190.8
1.201	       77.661	       37079.0	       32697.0	       16408.0	20310604644.7
1.301	       97.432	       37247.0	       33046.0	       17145.0	25299392304.2
1.401	       121.09	       37097.0	       33386.0	       17167.0	6166770902.14
1.501	       144.46	       37090.0	       33527.0	       17972.0	6348281523.23
1.601	       172.08	       37104.0	       33996.0	       18168.0	6594396984.53
1.701	       202.55	       37114.0	       34134.0	       18498.0	6901707115.04
1.801	       236.09	       37108.0	       34243.0	       18616.0	7256107200.26
1.901	       267.08	       37182.0	       34447.0	       18870.0	7627016135.41
2.001	       309.61	       37102.0	       34524.0	       19178.0	7958334989.31
2.101	       350.97	       37092.0	       34662.0	       19549.0	8154495439.69
2.201	       391.56	       37135.0	       34746.0	       19692.0	8059085803.4
2.301	       429.64	       37106.0	       35076.0	       19936.0	7422226726.67
2.401	       475.68	       37057.0	       35241.0	       20031.0	5850852703.63
2.501	       522.21	       37096.0	       35346.0	       20390.0	4909866718.07
2.601	       575.22	       37154.0	       35544.0	       20589.0	5058863199.16
2.701	       625.22	       37151.0	       35657.0	       20768.0	5182982352.49
2.801	       685.16	       37138.0	       35773.0	       20967.0	5259536998.7
2.901	       709.0	       37204.0	       35690.0	       21113.0	5261374590.94
3.001	       784.42	       37117.0	       35781.0	       21192.0	5160258306.51
3.101	       851.36	       37173.0	       35869.0	       21580.0	4935106646.19
3.201	       872.95	       37138.0	       35925.0	       21637.0	4589396164.63
3.301	       948.71	       37144.0	       36016.0	       21848.0	4185358884.64
3.401	       1000.0	       37155.0	       35815.0	       21890.0	3908382953.42
3.501	       1049.7	       37147.0	       35850.0	       22062.0	3914346680.36
3.601	       1106.0	       37134.0	       35547.0	       22248.0	3895555013.58
3.701	       1154.3	       37101.0	       35492.0	       22429.0	3828633171.76
3.801	       1235.4	       37127.0	       35730.0	       22595.0	3712017298.97
3.901	       1261.3	       37057.0	       35738.0	       22744.0	3553631054.84
4.001	       1327.6	       37195.0	       35756.0	       22919.0	3374793722.42
4.101	       1394.5	       37097.0	       36277.0	       23085.0	3210789655.27
4.201	       1468.9	       37133.0	       36301.0	       23078.0	3099934350.1
4.301	       1519.4	       37094.0	       36237.0	       23226.0	3042489729.59
4.401	       1584.1	       37144.0	       36292.0	       23312.0	2972878336.34
4.501	       1648.0	       37111.0	       36314.0	       23511.0	2879731265.62
4.601	       1699.4	       37110.0	       36321.0	       23622.0	2771831827.28
4.701	       1766.0	       37106.0	       36289.0	       23822.0	2661908461.99
4.801	       1813.4	       37085.0	       36323.0	       23861.0	2563322864.26
4.901	       1883.6	       37019.0	       36437.0	       23891.0	2483349433.95
5.001	       1939.3	       37025.0	       36431.0	       24056.0	2415281435.86
5.101	       1998.7	       37136.0	       36383.0	       24149.0	2342090511.38
5.201	       2045.3	       37039.0	       36507.0	       24309.0	2261224304.75
5.301	       2109.7	       37019.0	       36215.0	       24346.0	2179352105.94
5.401	       2185.8	       37032.0	       36548.0	       24293.0	2102257797.14
5.501	       2216.2	       37121.0	       36311.0	       24394.0	2032166849.49
5.601	       2297.8	       37108.0	       36333.0	       24536.0	1966322847.49
5.701	       2340.7	       37110.0	       36465.0	       24575.0	1899497078.16
5.801	       2399.6	       37023.0	       36454.0	       24737.0	1830513736.74
5.901	       2451.6	       37023.0	       36327.0	       24959.0	1762365949.39
6.001	       2518.9	       37028.0	       36233.0	       25083.0	1696970451.06
6.101	       2534.2	       37024.0	       36333.0	       25167.0	1633984727.01
6.201	       2611.9	       37105.0	       36273.0	       25337.0	1571595434.78
6.301	       2657.8	       37095.0	       36488.0	       25279.0	1508666234.38
6.401	       2726.3	       37163.0	       36313.0	       25276.0	1445984670.31
6.501	       2778.9	       37046.0	       36341.0	       25540.0	1384515382.85
6.601	       2843.7	       37050.0	       36362.0	       25515.0	1324126143.71
6.701	       2855.4	       37041.0	       36378.0	       25573.0	1264123833.12
6.801	       2962.0	       37051.0	       36406.0	       25572.0	1204220741.47
6.901	       3041.1	       37013.0	       36408.0	       25537.0	1144805600.7
7.001	       3062.9	       37151.0	       36425.0	       25427.0	1086177672.94
7.101	       3158.1	       37127.0	       36439.0	       25488.0	1028184381.32
7.201	       3136.3	       37035.0	       36430.0	       25558.0	970641627.823
7.301	       3183.3	       37120.0	       36568.0	       25690.0	913648116.001
7.401	       3247.1	       37109.0	       36665.0	       25799.0	857400028.22
7.501	       3373.2	       37120.0	       36634.0	       25871.0	801915203.557
7.601	       3348.5	       37111.0	       36488.0	       25917.0	747152335.915
7.701	       3382.2	       37123.0	       36843.0	       26211.0	693181864.445
7.801	       3424.6	       37107.0	       36830.0	       26378.0	640119428.422
7.901	       3538.7	       37126.0	       36784.0	       26319.0	588017126.836
8.001	       3584.0	       37113.0	       36768.0	       26420.0	536923733.254
8.101	       3583.3	       37161.0	       36766.0	       26420.0	486948622.415
8.201	       3683.2	       37109.0	       36805.0	       26582.0	438221347.373
8.301	       3709.4	       37038.0	       36789.0	       26675.0	390872802.86
8.401	       3772.9	       37017.0	       36918.0	       26681.0	345076387.912
8.501	       3757.1	       37023.0	       36947.0	       26636.0	301053916.872
8.601	       3818.7	       37066.0	       36863.0	       26698.0	259056933.449
8.701	       3842.7	       37021.0	       36837.0	       26745.0	219373905.697
8.801	       3973.9	       37058.0	       36924.0	       26787.0	182330051.266
8.901	       3949.2	       37018.0	       36808.0	       26927.0	148264366.247
9.001	       3953.7	       37027.0	       36818.0	       27077.0	117509459.253
9.101	       4006.5	       37036.0	       36817.0	       27302.0	90364809.7857
9.201	       4090.6	       37047.0	       36815.0	       27386.0	67056754.8863
9.301	       4137.3	       37041.0	       36812.0	       27237.0	47700078.3453
9.401	       4142.2	       37023.0	       36856.0	       27329.0	32262844.0425
9.501	       4221.5	       37045.0	       36799.0	       27461.0	20541047.7243
9.601	       4220.7	       37052.0	       36768.0	       27376.0	12156175.7949
9.701	       4279.7	       37042.0	       36849.0	       27521.0	6580209.4415
9.801	       4309.9	       37041.0	       36844.0	       27558.0	3190537.95508
9.901	       4349.0	       37047.0	       37167.0	       27572.0	1347647.80709
10.001	       4394.0	       37046.0	       37206.0	       27620.0	477279.453287
10.101	       4432.9	       37042.0	       37117.0	       27614.0	134210.658762
10.201	       4580.0	       37046.0	       36975.0	       27695.0	27619.2655217
10.301	       4609.8	       37167.0	       36801.0	       27755.0	3655.03745996
10.401	       4653.6	       37071.0	       36879.0	       27865.0	250.621978022
10.501	       4557.1	       37033.0	       36813.0	       27874.0	6.03577678314
