0.1	2.6072052e+18	173.81368
0.2	1.7243895e+16	1.149593
0.3	6.63792e+15	0.442528
0.4	3.58524e+15	0.239016
0.5	2.26047e+15	0.150698
0.6	1.56282075e+15	0.10418805
0.7	1.16013675e+15	0.07734245
0.8	9.011355e+14	0.0600757
0.9	7.346145e+14	0.0489743
1.0	6.08685e+14	0.040579
1.1	5.10729e+14	0.0340486
1.2	4.4331825e+14	0.02955455
1.3	3.856335e+14	0.0257089
1.4	3.4230075e+14	0.02282005
1.5	3.0615225e+14	0.02041015
1.6	2.7476925e+14	0.01831795
1.7	2.4984375e+14	0.01665625
1.8	2.2626e+14	0.015084
1.9	2.0837775e+14	0.01389185
2.0	1.907325e+14	0.0127155
2.1	1.754175e+14	0.0116945
2.2	1.649805e+14	0.0109987
2.3	1.5190485e+14	0.01012699
2.4	1.4307e+14	0.009538
2.5	1.3249245e+14	0.00883283
2.6	1.22408925e+14	0.008160595
2.7	1.17653625e+14	0.007843575
2.8	1.092375e+14	0.0072825
2.9	1.0391265e+14	0.00692751
3.0	9.708855e+13	0.00647257
3.1	9.078255e+13	0.00605217
3.2	8.672715e+13	0.00578181
3.3	7.949475e+13	0.00529965
3.4	7.5408525e+13	0.005027235
3.5	7.0032225e+13	0.004668815
3.6	6.477945e+13	0.00431863
3.7	6.09711e+13	0.00406474
3.8	5.6157525e+13	0.003743835
3.9	5.41539e+13	0.00361026
4.0	4.886685e+13	0.00325779
4.1	4.3878225e+13	0.002925215
4.2	4.1768175e+13	0.002784545
4.3	3.8618625e+13	0.002574575
4.4	3.7109025e+13	0.002473935
4.5	3.538665e+13	0.00235911
4.6	3.3537375e+13	0.002235825
4.7	3.21513e+13	0.00214342
4.8	3.0658875e+13	0.002043925
4.9	2.937225e+13	0.00195815
5.0	2.750235e+13	0.00183349
5.1	2.58864e+13	0.00172576
5.2	2.45346e+13	0.00163564
5.3	2.3244525e+13	0.001549635
5.4	2.321025e+13	0.00154735
5.5	2.1776175e+13	0.001451745
5.6	1.984455e+13	0.00132297
5.7	1.9124025e+13	0.001274935
5.8	1.848585e+13	0.00123239
5.9	1.7909475e+13	0.001193965
6.0	1.62798e+13	0.00108532
6.1	1.4952015e+13	0.000996801
6.2	1.43344425e+13	0.0009556295
6.3	1.32571275e+13	0.0008838085
6.4	1.289688e+13	0.000859792
6.5	1.27802325e+13	0.0008520155
6.6	1.19430825e+13	0.0007962055
6.7	1.11573975e+13	0.0007438265
6.8	1.04231775e+13	0.0006948785
6.9	9.9634275e+12	0.0006642285
7.0	9.287535e+12	0.000619169
7.1	8.628795e+12	0.000575253
7.2	8.51901e+12	0.000567934
7.3	8.2479675e+12	0.0005498645
7.4	8.1278775e+12	0.0005418585
7.5	7.640685e+12	0.000509379
7.6	7.1054625e+12	0.0004736975
7.7	6.87216e+12	0.000458144
7.8	6.227145e+12	0.000415143
7.9	5.661045e+12	0.000377403
8.0	5.4517575e+12	0.0003634505
8.1	5.4380325e+12	0.0003625355
8.2	5.2630575e+12	0.0003508705
8.3	4.96113e+12	0.000330742
8.4	4.683225e+12	0.000312215
8.5	4.347e+12	0.0002898
8.6	4.0347825e+12	0.0002689855
8.7	3.7534425e+12	0.0002502295
8.8	3.430935e+12	0.000228729
8.9	3.1358775e+12	0.0002090585
9.0	2.8922775e+12	0.0001928185
9.1	2.8236525e+12	0.0001882435
9.2	2.81679e+12	0.000187786
9.3	2.60751e+12	0.000173834
9.4	2.4805725e+12	0.0001653715
9.5	2.158065e+12	0.000143871
9.6	1.8561375e+12	0.0001237425
9.7	1.8149625e+12	0.0001209975
9.8	1.622835e+12	0.000108189
9.9	1.5885225e+12	0.0001059015
10.0	1.6880175e+12	0.0001125345
10.1	1.7772225e+12	0.0001184815
10.2	1.56450375e+12	0.00010430025
10.3	1.35178875e+12	9.011925e-05
10.4	1.32777225e+12	8.851815e-05
10.5	1.14250125e+12	7.616675e-05
10.6	9.5723025e+11	6.381535e-05
10.7	8.920425e+11	5.94695e-05
10.8	8.8175025e+11	5.878335e-05
10.9	9.09198e+11	6.06132e-05
11.0	6.7932525e+11	4.528835e-05
11.1	4.391595e+11	2.92773e-05
11.2	4.9405425e+11	3.293695e-05
11.3	5.90121e+11	3.93414e-05
11.4	6.518775e+11	4.34585e-05
11.5	5.2836375e+11	3.522425e-05
11.6	4.2886725e+11	2.859115e-05
11.7	3.8426475e+11	2.561765e-05
11.8	3.19077e+11	2.12718e-05
11.9	3.053535e+11	2.03569e-05
12.0	2.71044e+11	1.80696e-05
12.1	2.23011e+11	1.48674e-05
12.2	1.887015e+11	1.25801e-05
12.3	1.54392e+11	1.02928e-05
12.4	1.6125375e+11	1.075025e-05
12.5	1.646847e+11	1.097898e-05
12.6	1.4409945e+11	9.60663e-06
12.7	1.097901e+11	7.31934e-06
12.8	58325925000.0	3.888395e-06
12.9	48033150000.0	3.20221e-06
13.0	48033150000.0	3.20221e-06
13.1	51464025000.0	3.430935e-06
13.2	54894900000.0	3.65966e-06
13.3	54894900000.0	3.65966e-06
13.4	37740225000.0	2.516015e-06
13.5	10292775000.0	6.86185e-07
13.6	3430935000.0	2.28729e-07
13.7	3430935000.0	2.28729e-07
13.8	0.0	0.0
13.9	0.0	0.0
14.0	0.0	0.0
14.1	0.0	0.0
14.2	0.0	0.0
14.3	0.0	0.0
14.4	0.0	0.0
14.5	0.0	0.0
14.6	0.0	0.0
14.7	0.0	0.0
14.8	0.0	0.0
14.9	0.0	0.0
15.0	0.0	0.0
15.1	0.0	0.0
15.2	0.0	0.0
15.3	0.0	0.0
15.4	0.0	0.0
15.5	0.0	0.0
15.6	0.0	0.0
15.7	0.0	0.0
15.8	0.0	0.0
15.9	0.0	0.0
16.0	0.0	0.0
16.1	0.0	0.0
16.2	0.0	0.0
16.3	0.0	0.0
16.4	0.0	0.0
16.5	0.0	0.0
16.6	0.0	0.0
16.7	0.0	0.0
16.8	0.0	0.0
16.9	0.0	0.0
17.0	0.0	0.0
17.1	0.0	0.0
17.2	0.0	0.0
17.3	0.0	0.0
17.4	0.0	0.0
17.5	0.0	0.0
