0.05  4500.27
0.15  5.48234
0.25  1.89562
0.35  0.98011
0.45  0.607059
0.55  0.413886
0.65  0.304622
0.75  0.233626
0.85  0.186183
0.95  0.150567
1.05  0.125327
1.15  0.104214
1.25  0.0892455
1.35  0.0780479
1.45  0.0673151
1.55  0.0596543
1.65  0.0532831
1.75  0.0462758
1.85  0.0417884
1.95  0.0380908
2.05  0.0337397
2.15  0.0305139
2.25  0.0275048
2.35  0.0246145
2.45  0.0227308
2.55  0.0210637
2.65  0.0193058
2.75  0.0179113
2.85  0.016391
2.95  0.0149127
3.05  0.0138712
3.15  0.0130779
3.25  0.0117428
3.35  0.0107433
3.45  0.00986258
3.55  0.00909021
3.65  0.0085485
3.75  0.00767827
3.85  0.00715054
3.95  0.00669271
4.05  0.00641662
4.15  0.00558134
4.25  0.00560231
4.35  0.00508856
4.45  0.00464471
4.55  0.00428474
4.65  0.00424629
4.75  0.00366614
4.85  0.00356479
4.95  0.00337956
5.05  0.00312793
5.15  0.00283785
5.25  0.00283436
5.35  0.0025303
5.45  0.00220178
5.55  0.0021878
5.65  0.0021214
5.75  0.00181385
5.85  0.00165308
5.95  0.00170551
6.05  0.00166357
6.15  0.00142941
6.25  0.00140844
6.35  0.00127214
6.45  0.00113933
6.55  0.00122671
6.65  0.000891197
6.75  0.000940125
6.85  0.000940125
6.95  0.00078635
7.05  0.000891197
7.15  0.000765381
7.25  0.000660534
7.35  0.000618596
7.45  0.000576657
7.55  0.000489285
7.65  0.000531223
7.75  0.0004788
7.85  0.000408902
7.95  0.000489285
8.05  0.000345994
8.15  0.000304055
8.25  0.000370458
8.35  0.000251632
8.45  0.000311045
8.55  0.000255127
8.65  0.000244642
8.75  0.000216683
8.85  0.000188724
8.95  0.000199209
9.05  0.00015727
9.15  9.78569e-05
9.25  0.00015727
9.35  0.000125816
9.45  0.000111836
9.55  8.73722e-05
9.65  9.08671e-05
9.75  8.03825e-05
9.85  9.4362e-05
9.95  7.33927e-05
10.05  8.03825e-05
10.15  6.98978e-05
10.25  8.03825e-05
10.35  3.84438e-05
10.45  4.89285e-05
10.55  4.19387e-05
10.65  2.44642e-05
10.75  3.1454e-05
10.85  1.04847e-05
10.95  1.39796e-05
11.05  1.39796e-05
11.15  1.39796e-05
11.25  6.98978e-06
11.35  1.74745e-05
11.45  1.04847e-05
11.55  0
11.65  3.49489e-06
11.75  3.49489e-06
11.85  3.49489e-06
11.95  3.49489e-06
12.05  3.49489e-06
12.15  0
12.25  3.49489e-06
12.35  3.49489e-06
12.45  0
12.55  0
12.65  0
12.75  0
12.85  0
12.95  0
13.05  0
13.15  0
13.25  0
13.35  0
13.45  0
13.55  0
13.65  0
13.75  0
13.85  0
13.95  0
14.05  0
14.15  0
14.25  0
14.35  0
14.45  0
14.55  0
14.65  0
14.75  0
14.85  0
14.95  0
15.05  0
15.15  0
15.25  0
15.35  0
15.45  0
15.55  0
15.65  0
15.75  0
15.85  0
15.95  0
16.05  0
16.15  0
16.25  0
16.35  0
16.45  0
16.55  0
16.65  0
16.75  0
16.85  0
16.95  0
17.05  0
17.15  0
17.25  0
17.35  0
17.45  0
17.55  0
17.65  0
17.75  0
17.85  0
17.95  0
