0.05  13824.2
0.15  16.8082
0.25  5.73734
0.35  2.90047
0.45  1.76144
0.55  1.1792
0.65  0.847168
0.75  0.634316
0.85  0.496488
0.95  0.39956
1.05  0.32648
1.15  0.2711
1.25  0.229024
1.35  0.197372
1.45  0.170348
1.55  0.148084
1.65  0.131132
1.75  0.115628
1.85  0.10196
1.95  0.093076
2.05  0.083396
2.15  0.076348
2.25  0.068208
2.35  0.0631
2.45  0.058256
2.55  0.053884
2.65  0.050352
2.75  0.045896
2.85  0.042928
2.95  0.03968
3.05  0.03668
3.15  0.03474
3.25  0.03194
3.35  0.029856
3.45  0.028488
3.55  0.026496
3.65  0.024912
3.75  0.023648
3.85  0.02202
3.95  0.021036
4.05  0.01994
4.15  0.018964
4.25  0.017572
4.35  0.016884
4.45  0.016428
4.55  0.015016
4.65  0.014672
4.75  0.013396
4.85  0.013172
4.95  0.012668
5.05  0.011828
5.15  0.011588
5.25  0.011472
5.35  0.010596
5.45  0.010084
5.55  0.00954
5.65  0.009328
5.75  0.00904
5.85  0.008488
5.95  0.008228
6.05  0.007792
6.15  0.007616
6.25  0.007312
6.35  0.00722
6.45  0.0065
6.55  0.006624
6.65  0.006308
6.75  0.006112
6.85  0.005812
6.95  0.005328
7.05  0.005516
7.15  0.005104
7.25  0.005096
7.35  0.00466
7.45  0.004868
7.55  0.00454
7.65  0.004312
7.75  0.00406
7.85  0.003696
7.95  0.003804
8.05  0.00366
8.15  0.0037
8.25  0.003468
8.35  0.003236
8.45  0.00326
8.55  0.00322
8.65  0.003004
8.75  0.00296
8.85  0.003016
8.95  0.00284
9.05  0.002588
9.15  0.002592
9.25  0.00254
9.35  0.002408
9.45  0.002416
9.55  0.002224
9.65  0.002148
9.75  0.002008
9.85  0.002072
9.95  0.001996
10.05  0.002032
10.15  0.001984
10.25  0.001756
10.35  0.001924
10.45  0.001632
10.55  0.001784
10.65  0.001276
10.75  0.001468
10.85  0.001516
10.95  0.001548
11.05  0.00122
11.15  0.0012
11.25  0.001236
11.35  0.001336
11.45  0.00116
11.55  0.001148
11.65  0.001016
11.75  0.000996
11.85  0.001036
11.95  0.000988
12.05  0.000876
12.15  0.001032
12.25  0.000804
12.35  0.000896
12.45  0.000872
12.55  0.000768
12.65  0.000724
12.75  0.000764
12.85  0.000576
12.95  0.00068
13.05  0.000612
13.15  0.000588
13.25  0.000636
13.35  0.000616
13.45  0.000564
13.55  0.000464
13.65  0.000432
13.75  0.000392
13.85  0.000416
13.95  0.000356
14.05  0.000252
14.15  0.00036
14.25  0.000296
14.35  0.000308
14.45  0.000256
14.55  0.00022
14.65  0.000168
14.75  0.000264
14.85  0.000204
14.95  0.000168
15.05  0.00016
15.15  0.00016
15.25  0.000168
15.35  0.00012
15.45  0.00012
15.55  9.2e-05
15.65  8.4e-05
15.75  7.6e-05
15.85  8.8e-05
15.95  6.4e-05
16.05  4e-05
16.15  2.8e-05
16.25  1.6e-05
16.35  0
16.45  0
16.55  0
16.65  0
16.75  0
16.85  0
16.95  0
17.05  0
17.15  0
17.25  0
17.35  0
17.45  0
17.55  0
17.65  0
17.75  0
17.85  0
17.95  0
