0.05  212.323
0.15  0.256744
0.25  0.0878989
0.35  0.0451074
0.45  0.027784
0.55  0.0189484
0.65  0.0139716
0.75  0.0107753
0.85  0.00861978
0.95  0.00709036
1.05  0.00592231
1.15  0.00498964
1.25  0.00432463
1.35  0.00378587
1.45  0.00337104
1.55  0.00298568
1.65  0.00266187
1.75  0.00239444
1.85  0.00216617
1.95  0.00196982
2.05  0.0017747
2.15  0.00162741
2.25  0.00147192
2.35  0.00136794
2.45  0.00124915
2.55  0.00115544
2.65  0.00104975
2.75  0.000975124
2.85  0.000882762
2.95  0.000812542
3.05  0.000765444
3.15  0.000695346
3.25  0.000648615
3.35  0.000601394
3.45  0.000562002
3.55  0.00050683
3.65  0.000483342
3.75  0.000447253
3.85  0.000405048
3.95  0.000370917
4.05  0.000345838
4.15  0.000322962
4.25  0.000293969
4.35  0.000277943
4.45  0.000247482
4.55  0.000237695
4.65  0.000223627
4.75  0.00021176
4.85  0.000190841
4.95  0.000181666
5.05  0.000168454
5.15  0.000153652
5.25  0.000142764
5.35  0.000132488
5.45  0.000122701
5.55  0.000123068
5.65  0.000110835
5.75  0.000105941
5.85  9.27292e-05
5.95  8.97932e-05
6.05  8.61231e-05
6.15  7.57247e-05
6.25  7.54801e-05
6.35  6.91187e-05
6.45  6.1901e-05
6.55  5.3827e-05
6.65  4.66093e-05
6.75  5.19919e-05
6.85  4.41626e-05
6.95  4.13489e-05
7.05  3.86575e-05
7.15  3.35195e-05
7.25  3.13175e-05
7.35  2.93602e-05
7.45  2.82592e-05
7.55  2.42221e-05
7.65  2.15308e-05
7.75  1.96958e-05
7.85  1.59034e-05
7.95  1.61481e-05
8.05  1.11324e-05
8.15  1.26004e-05
8.25  1.16217e-05
8.35  9.90905e-06
8.45  1.00314e-05
8.55  6.97304e-06
8.65  5.62736e-06
8.75  5.13803e-06
8.85  7.09537e-06
8.95  5.62736e-06
9.05  4.40402e-06
9.15  3.54769e-06
9.25  3.91469e-06
9.35  4.28169e-06
9.45  3.18068e-06
9.55  3.18068e-06
9.65  2.20201e-06
9.75  1.59034e-06
9.85  2.07968e-06
9.95  1.59034e-06
10.05  2.32435e-06
10.15  1.71268e-06
10.25  1.59034e-06
10.35  4.89336e-07
10.45  1.10101e-06
10.55  1.34567e-06
10.65  3.67002e-07
10.75  7.34004e-07
10.85  8.56338e-07
10.95  3.67002e-07
11.05  3.67002e-07
11.15  6.1167e-07
11.25  3.67002e-07
11.35  3.67002e-07
11.45  4.89336e-07
11.55  3.67002e-07
11.65  2.44668e-07
11.75  1.22334e-07
11.85  1.22334e-07
11.95  2.44668e-07
12.05  2.44668e-07
12.15  0
12.25  0
12.35  0
12.45  1.22334e-07
12.55  0
12.65  0
12.75  0
12.85  0
12.95  0
13.05  1.22334e-07
13.15  0
13.25  0
13.35  0
13.45  0
13.55  0
13.65  0
13.75  0
13.85  0
13.95  0
14.05  0
14.15  0
14.25  0
14.35  0
14.45  0
14.55  0
14.65  0
14.75  0
14.85  0
14.95  0
15.05  0
15.15  0
15.25  0
15.35  0
15.45  0
15.55  0
15.65  0
15.75  0
15.85  0
15.95  0
16.05  0
16.15  0
16.25  0
16.35  0
16.45  0
16.55  0
16.65  0
16.75  0
16.85  0
16.95  0
17.05  0
17.15  0
17.25  0
17.35  0
17.45  0
17.55  0
17.65  0
17.75  0
17.85  0
17.95  0
