0.05  101.569
0.15  0.497276
0.25  0.167571
0.35  0.082608
0.45  0.0483542
0.55  0.0314827
0.65  0.0216936
0.75  0.0157405
0.85  0.0117595
0.95  0.00913199
1.05  0.00718247
1.15  0.00573465
1.25  0.00466961
1.35  0.00383248
1.45  0.00317444
1.55  0.00263018
1.65  0.00223578
1.75  0.00187367
1.85  0.0016016
1.95  0.00139571
2.05  0.00116743
2.15  0.00101011
2.25  0.000877012
2.35  0.000759694
2.45  0.000675651
2.55  0.00058439
2.65  0.000503282
2.75  0.000454348
2.85  0.000390123
2.95  0.00035379
3.05  0.000309627
3.15  0.000279411
3.25  0.000236716
3.35  0.000206622
3.45  0.000180443
3.55  0.000169433
3.65  0.000154997
3.75  0.000141663
3.85  0.000119887
3.95  0.000107409
4.05  9.68885e-05
4.15  8.37988e-05
4.25  7.57247e-05
4.35  6.97304e-05
4.45  5.92097e-05
4.55  5.99437e-05
4.65  4.68539e-05
4.75  4.37956e-05
4.85  4.18382e-05
4.95  3.80459e-05
5.05  3.62109e-05
5.15  2.89932e-05
5.25  2.64241e-05
5.35  2.39775e-05
5.45  2.16531e-05
5.55  1.65151e-05
5.65  1.37014e-05
5.75  1.43131e-05
5.85  1.39461e-05
5.95  1.11324e-05
6.05  8.07404e-06
6.15  1.00314e-05
6.25  1.05207e-05
6.35  8.68571e-06
6.45  8.31871e-06
6.55  6.60604e-06
6.65  5.99437e-06
6.75  3.30302e-06
6.85  3.18068e-06
6.95  3.42535e-06
7.05  2.44668e-06
7.15  3.54769e-06
7.25  3.91469e-06
7.35  3.18068e-06
7.45  1.95734e-06
7.55  1.34567e-06
7.65  1.71268e-06
7.75  1.46801e-06
7.85  1.46801e-06
7.95  6.1167e-07
8.05  1.10101e-06
8.15  1.10101e-06
8.25  3.67002e-07
8.35  2.44668e-07
8.45  8.56338e-07
8.55  4.89336e-07
8.65  2.44668e-07
8.75  1.22334e-07
8.85  1.22334e-07
8.95  1.22334e-07
9.05  1.22334e-07
9.15  2.44668e-07
9.25  4.89336e-07
9.35  3.67002e-07
9.45  3.67002e-07
9.55  2.44668e-07
9.65  0
9.75  1.22334e-07
9.85  0
9.95  1.22334e-07
10.05  1.22334e-07
10.15  0
10.25  0
10.35  0
10.45  0
10.55  2.44668e-07
10.65  1.22334e-07
10.75  0
10.85  0
10.95  0
11.05  0
11.15  0
11.25  1.22334e-07
11.35  0
11.45  0
11.55  0
11.65  0
11.75  1.22334e-07
11.85  0
11.95  0
12.05  0
12.15  0
12.25  0
12.35  0
12.45  0
12.55  0
12.65  0
12.75  0
12.85  0
12.95  0
13.05  0
13.15  0
13.25  0
13.35  0
13.45  0
13.55  0
13.65  0
13.75  0
13.85  0
13.95  0
14.05  0
14.15  0
14.25  0
14.35  0
14.45  0
14.55  0
14.65  0
14.75  0
14.85  0
14.95  0
15.05  0
15.15  0
15.25  0
15.35  0
15.45  0
15.55  0
15.65  0
15.75  0
15.85  0
15.95  0
16.05  0
16.15  0
16.25  0
16.35  0
16.45  0
16.55  0
16.65  0
16.75  0
16.85  0
16.95  0
17.05  0
17.15  0
17.25  0
17.35  0
17.45  0
17.55  0
17.65  0
17.75  0
17.85  0
17.95  0
