0.05  1910.73
0.15  10.6368
0.25  3.67982
0.35  1.86494
0.45  1.16109
0.55  0.764883
0.65  0.570794
0.75  0.432097
0.85  0.340174
0.95  0.286432
1.05  0.230596
1.15  0.202373
1.25  0.172729
1.35  0.148945
1.45  0.136043
1.55  0.114932
1.65  0.106708
1.75  0.0957553
1.85  0.0848373
1.95  0.0812038
2.05  0.0702426
2.15  0.0662922
2.25  0.0619318
2.35  0.0551202
2.45  0.0544108
2.55  0.0469853
2.65  0.0456479
2.75  0.0427343
2.85  0.039222
2.95  0.0380104
3.05  0.0335987
3.15  0.0327157
3.25  0.0305325
3.35  0.0284857
3.45  0.0277634
3.55  0.0242732
3.65  0.0241485
3.75  0.0222881
3.85  0.0207946
3.95  0.0204241
4.05  0.0182538
4.15  0.0175327
4.25  0.0166182
4.35  0.0153146
4.45  0.0153635
4.55  0.0136196
4.65  0.0134495
4.75  0.0125979
4.85  0.0118209
4.95  0.0113106
5.05  0.0105173
5.15  0.0102307
5.25  0.00979385
5.35  0.00904827
5.45  0.00887003
5.55  0.00794738
5.65  0.0077773
5.75  0.00740451
5.85  0.00684532
5.95  0.00683018
6.05  0.00598092
6.15  0.00615683
6.25  0.00570716
6.35  0.00525864
6.45  0.00536
6.55  0.00471228
6.65  0.00471461
6.75  0.00438958
6.85  0.00414028
6.95  0.00422532
7.05  0.00364867
7.15  0.00340985
7.25  0.00329801
7.35  0.00302657
7.45  0.00303589
7.55  0.00274465
7.65  0.00266777
7.75  0.00256641
7.85  0.00239283
7.95  0.00237187
8.05  0.00208645
8.15  0.00203286
8.25  0.00187093
8.35  0.00182783
8.45  0.00176259
8.55  0.00157736
8.65  0.0015529
8.75  0.00133505
8.85  0.00131757
8.95  0.00135136
9.05  0.00109507
9.15  0.00112535
9.25  0.00102051
9.35  0.000954105
9.45  0.000971579
9.55  0.000798
9.65  0.000763051
9.75  0.000766546
9.85  0.000603451
9.95  0.000627915
10.05  0.000561512
10.15  0.000517244
10.25  0.000458996
10.35  0.000463655
10.45  0.000456666
10.55  0.00033318
10.65  0.000373953
10.75  0.00031687
10.85  0.000214353
10.95  0.000244642
11.05  0.000243477
11.15  0.000216683
11.25  0.000187559
11.35  0.00014329
11.45  0.0001596
11.55  0.000108342
11.65  0.000123486
11.75  0.000111836
11.85  8.38774e-05
11.95  8.38774e-05
12.05  5.59182e-05
12.15  6.52379e-05
12.25  6.17431e-05
12.35  3.1454e-05
12.45  2.79591e-05
12.55  1.04847e-05
12.65  1.63095e-05
12.75  1.04847e-05
12.85  3.49489e-06
12.95  4.65985e-06
13.05  0
13.15  0
13.25  2.32993e-06
13.35  1.16496e-06
13.45  0
13.55  0
13.65  0
13.75  0
13.85  0
13.95  0
14.05  0
14.15  0
14.25  0
14.35  0
14.45  0
14.55  0
14.65  0
14.75  0
14.85  0
14.95  0
15.05  0
15.15  0
15.25  0
15.35  0
15.45  0
15.55  0
15.65  0
15.75  0
15.85  0
15.95  0
16.05  0
16.15  0
16.25  0
16.35  0
16.45  0
16.55  0
16.65  0
16.75  0
16.85  0
16.95  0
17.05  0
17.15  0
17.25  0
17.35  0
17.45  0
17.55  0
17.65  0
17.75  0
17.85  0
17.95  0
