0.05  0.00553904
0.15  0.00550907
0.25  0.00505863
0.35  0.00449027
0.45  0.00447253
0.55  0.00368274
0.65  0.00379761
0.75  0.00356971
0.85  0.00355062
0.95  0.00355796
1.05  0.00334449
1.15  0.00336773
1.25  0.003166
1.35  0.0030274
1.45  0.00295106
1.55  0.00272572
1.65  0.00267385
1.75  0.00258834
1.85  0.00249782
1.95  0.00246662
2.05  0.00230061
2.15  0.00227186
2.25  0.00217192
2.35  0.00202132
2.45  0.00206463
2.55  0.00188712
2.65  0.00187844
2.75  0.00184076
2.85  0.0017117
2.95  0.00172124
3.05  0.00153382
3.15  0.00151914
3.25  0.0014592
3.35  0.00139975
3.45  0.00138201
3.55  0.00119569
3.65  0.00120707
3.75  0.00113624
3.85  0.00107385
3.95  0.00107409
4.05  0.000933531
4.15  0.000908452
4.25  0.000833951
4.35  0.000771438
4.45  0.000764832
4.55  0.000657545
4.65  0.00064311
4.75  0.000617297
4.85  0.000584023
4.95  0.000593075
5.05  0.000558455
5.15  0.000524446
5.25  0.000496798
5.35  0.000474167
5.45  0.000455816
5.55  0.000454593
5.65  0.000440892
5.75  0.000408351
5.85  0.000366023
5.95  0.000375565
6.05  0.000333115
6.15  0.000359907
6.25  0.000318925
6.35  0.000304489
6.45  0.000298862
6.55  0.000274884
6.65  0.000258859
6.75  0.000230844
6.85  0.000209313
6.95  0.000213473
7.05  0.000205032
7.15  0.000199649
7.25  0.000195857
7.35  0.000181544
7.45  0.000175427
7.55  0.000144354
7.65  0.000146067
7.75  0.000133099
7.85  0.000134078
7.95  0.000129674
8.05  0.000103005
8.15  0.000103372
8.25  9.10165e-05
8.35  8.09851e-05
8.45  7.53577e-05
8.55  6.2268e-05
8.65  6.47147e-05
8.75  5.50503e-05
8.85  3.81682e-05
8.95  4.29392e-05
9.05  3.68225e-05
9.15  4.31839e-05
9.25  3.51099e-05
9.35  3.08282e-05
9.45  2.78922e-05
9.55  2.31211e-05
9.65  2.27541e-05
9.75  1.77384e-05
9.85  1.51694e-05
9.95  1.40684e-05
10.05  1.59034e-05
10.15  1.24781e-05
10.25  1.18664e-05
10.35  1.34567e-05
10.45  1.07654e-05
10.55  8.31871e-06
10.65  7.82938e-06
10.75  7.95171e-06
10.85  6.1167e-06
10.95  7.46237e-06
11.05  4.15936e-06
11.15  3.91469e-06
11.25  3.91469e-06
11.35  2.07968e-06
11.45  4.03702e-06
11.55  3.42535e-06
11.65  4.52636e-06
11.75  2.44668e-06
11.85  2.44668e-06
11.95  3.18068e-06
12.05  2.93602e-06
12.15  3.05835e-06
12.25  2.07968e-06
12.35  1.22334e-06
12.45  1.59034e-06
12.55  6.1167e-07
12.65  4.89336e-07
12.75  4.89336e-07
12.85  6.1167e-07
12.95  9.78672e-07
13.05  6.1167e-07
13.15  9.78672e-07
13.25  4.89336e-07
13.35  0
13.45  0
13.55  0
13.65  0
13.75  1.22334e-07
13.85  2.44668e-07
13.95  1.22334e-07
14.05  0
14.15  0
14.25  0
14.35  0
14.45  0
14.55  0
14.65  0
14.75  0
14.85  0
14.95  0
15.05  0
15.15  0
15.25  0
15.35  0
15.45  0
15.55  0
15.65  0
15.75  0
15.85  0
15.95  0
16.05  0
16.15  0
16.25  0
16.35  0
16.45  0
16.55  0
16.65  0
16.75  0
16.85  0
16.95  0
17.05  0
17.15  0
17.25  0
17.35  0
17.45  0
17.55  0
17.65  0
17.75  0
17.85  0
17.95  0
