0.05  2153.56
0.15  10.6616
0.25  3.68541
0.35  1.86851
0.45  1.16295
0.55  0.767107
0.65  0.569594
0.75  0.433248
0.85  0.341101
0.95  0.28736
1.05  0.231896
1.15  0.202277
1.25  0.173752
1.35  0.150221
1.45  0.135948
1.55  0.114122
1.65  0.105909
1.75  0.0958229
1.85  0.085167
1.95  0.0808787
2.05  0.0701285
2.15  0.066354
2.25  0.0624292
2.35  0.0558518
2.45  0.0536256
2.55  0.0470727
2.65  0.0455664
2.75  0.0435918
2.85  0.0389715
2.95  0.0381397
3.05  0.0334251
3.15  0.0329988
3.25  0.0306956
3.35  0.028721
3.45  0.028417
3.55  0.0247089
3.65  0.0241602
3.75  0.0224512
3.85  0.0208435
3.95  0.020515
4.05  0.0182783
4.15  0.0178309
4.25  0.0166182
4.35  0.0156082
4.45  0.0155033
4.55  0.0135112
4.65  0.0132806
4.75  0.0123964
4.85  0.0115786
4.95  0.0115157
5.05  0.0107328
5.15  0.0099849
5.25  0.00963891
5.35  0.00887702
5.45  0.00900633
5.55  0.00786001
5.65  0.00775866
5.75  0.00714356
5.85  0.00685348
5.95  0.00666476
6.05  0.00640264
6.15  0.0058819
6.25  0.00578754
6.35  0.00522137
6.45  0.0052668
6.55  0.00476703
6.65  0.0046482
6.75  0.00422183
6.85  0.00409601
6.95  0.00402611
7.05  0.00339354
7.15  0.00359624
7.25  0.00332714
7.35  0.0032852
7.45  0.00318035
7.55  0.00277844
7.65  0.00252681
7.75  0.00264214
7.85  0.00223673
7.95  0.00242895
8.05  0.00200607
8.15  0.00197461
8.25  0.00189074
8.35  0.00177191
8.45  0.00179637
8.55  0.00156921
8.65  0.00153775
8.75  0.00124418
8.85  0.0013001
8.95  0.00131408
9.05  0.00109041
9.15  0.00110089
9.25  0.000912166
9.35  0.000884207
9.45  0.000954105
9.55  0.000775866
9.65  0.00078635
9.75  0.000726937
9.85  0.000671019
9.95  0.00063607
10.05  0.000566172
10.15  0.000520739
10.25  0.000482295
10.35  0.000457831
10.45  0.000384438
10.55  0.000352984
10.65  0.000363469
10.75  0.000300561
10.85  0.000223673
10.95  0.000293571
11.05  0.000241147
11.15  0.000181734
11.25  0.000185229
11.35  0.000153775
11.45  0.000125816
11.55  0.000132806
11.65  0.000139796
11.75  8.38774e-05
11.85  9.78569e-05
11.95  9.08671e-05
12.05  5.59182e-05
12.15  6.98978e-05
12.25  6.2908e-05
12.35  1.74745e-05
12.45  5.24234e-05
12.55  1.04847e-05
12.65  1.39796e-05
12.75  1.04847e-05
12.85  1.39796e-05
12.95  0
13.05  0
13.15  3.49489e-06
13.25  0
13.35  0
13.45  0
13.55  0
13.65  0
13.75  0
13.85  0
13.95  0
14.05  0
14.15  0
14.25  0
14.35  0
14.45  0
14.55  0
14.65  0
14.75  0
14.85  0
14.95  0
15.05  0
15.15  0
15.25  0
15.35  0
15.45  0
15.55  0
15.65  0
15.75  0
15.85  0
15.95  0
16.05  0
16.15  0
16.25  0
16.35  0
16.45  0
16.55  0
16.65  0
16.75  0
16.85  0
16.95  0
17.05  0
17.15  0
17.25  0
17.35  0
17.45  0
17.55  0
17.65  0
17.75  0
17.85  0
17.95  0
