0.05  101.574
0.15  0.502785
0.25  0.17263
0.35  0.0870983
0.45  0.0528268
0.55  0.0351654
0.65  0.0254912
0.75  0.0193102
0.85  0.0153101
0.95  0.01269
1.05  0.010527
1.15  0.00910238
1.25  0.00783562
1.35  0.00685988
1.45  0.00612551
1.55  0.0053559
1.65  0.00490963
1.75  0.00446201
1.85  0.00409941
1.95  0.00386233
2.05  0.00346805
2.15  0.00328198
2.25  0.00304893
2.35  0.00278102
2.45  0.00274028
2.55  0.00247151
2.65  0.00238172
2.75  0.00229511
2.85  0.00210182
2.95  0.00207503
3.05  0.00184345
3.15  0.00179855
3.25  0.00169592
3.35  0.00160637
3.45  0.00156245
3.55  0.00136513
3.65  0.00136207
3.75  0.0012779
3.85  0.00119374
3.95  0.0011815
4.05  0.00103042
4.15  0.000992251
4.25  0.000909676
4.35  0.000841169
4.45  0.000824042
4.55  0.000717489
4.65  0.000689964
4.75  0.000661093
4.85  0.000625861
4.95  0.000631121
5.05  0.000594666
5.15  0.000553439
5.25  0.000523223
5.35  0.000498144
5.45  0.00047747
5.55  0.000471108
5.65  0.000454593
5.75  0.000422664
5.85  0.000379969
5.95  0.000386698
6.05  0.00034119
6.15  0.000369938
6.25  0.000329445
6.35  0.000313175
6.45  0.000307181
6.55  0.000281491
6.65  0.000264853
6.75  0.000234147
6.85  0.000212494
6.95  0.000216898
7.05  0.000207478
7.15  0.000203197
7.25  0.000199771
7.35  0.000184724
7.45  0.000177384
7.55  0.0001457
7.65  0.000147779
7.75  0.000134567
7.85  0.000135546
7.95  0.000130286
8.05  0.000104106
8.15  0.000104473
8.25  9.13835e-05
8.35  8.12298e-05
8.45  7.62141e-05
8.55  6.27573e-05
8.65  6.49594e-05
8.75  5.51726e-05
8.85  3.82905e-05
8.95  4.30616e-05
9.05  3.69449e-05
9.15  4.34286e-05
9.25  3.55992e-05
9.35  3.11952e-05
9.45  2.82592e-05
9.55  2.33658e-05
9.65  2.27541e-05
9.75  1.78608e-05
9.85  1.51694e-05
9.95  1.41907e-05
10.05  1.60258e-05
10.15  1.24781e-05
10.25  1.18664e-05
10.35  1.34567e-05
10.45  1.07654e-05
10.55  8.56338e-06
10.65  7.95171e-06
10.75  7.95171e-06
10.85  6.1167e-06
10.95  7.46237e-06
11.05  4.15936e-06
11.15  3.91469e-06
11.25  4.03702e-06
11.35  2.07968e-06
11.45  4.03702e-06
11.55  3.42535e-06
11.65  4.52636e-06
11.75  2.56901e-06
11.85  2.44668e-06
11.95  3.18068e-06
12.05  2.93602e-06
12.15  3.05835e-06
12.25  2.07968e-06
12.35  1.22334e-06
12.45  1.59034e-06
12.55  6.1167e-07
12.65  4.89336e-07
12.75  4.89336e-07
12.85  6.1167e-07
12.95  9.78672e-07
13.05  6.1167e-07
13.15  9.78672e-07
13.25  4.89336e-07
13.35  0
13.45  0
13.55  0
13.65  0
13.75  1.22334e-07
13.85  2.44668e-07
13.95  1.22334e-07
14.05  0
14.15  0
14.25  0
14.35  0
14.45  0
14.55  0
14.65  0
14.75  0
14.85  0
14.95  0
15.05  0
15.15  0
15.25  0
15.35  0
15.45  0
15.55  0
15.65  0
15.75  0
15.85  0
15.95  0
16.05  0
16.15  0
16.25  0
16.35  0
16.45  0
16.55  0
16.65  0
16.75  0
16.85  0
16.95  0
17.05  0
17.15  0
17.25  0
17.35  0
17.45  0
17.55  0
17.65  0
17.75  0
17.85  0
17.95  0
