0.05  2153.27
0.15  10.3728
0.25  3.44823
0.35  1.67929
0.45  0.974672
0.55  0.62381
0.65  0.42601
0.75  0.307362
0.85  0.228398
0.95  0.174807
1.05  0.139327
1.15  0.110564
1.25  0.0892735
1.35  0.0725609
1.45  0.0603917
1.55  0.0493478
1.65  0.0414948
1.75  0.0354801
1.85  0.0297904
1.95  0.0252855
2.05  0.0218396
2.15  0.0189633
2.25  0.0165518
2.35  0.0142801
2.45  0.0124907
2.55  0.0113689
2.65  0.00965988
2.75  0.00875819
2.85  0.00764682
2.95  0.00662282
3.05  0.0057421
3.15  0.00543106
3.25  0.00464471
3.35  0.00420086
3.45  0.00370109
3.55  0.00329918
3.65  0.00291474
3.75  0.00258272
3.85  0.00228566
3.95  0.00207596
4.05  0.00206897
4.15  0.00171949
4.25  0.00152727
4.35  0.00135252
4.45  0.00126865
4.55  0.00111836
4.65  0.000968085
4.75  0.000999539
4.85  0.00080033
4.95  0.000754896
5.05  0.000705968
5.15  0.000639565
5.25  0.000604616
5.35  0.000531223
5.45  0.000433366
5.55  0.000366963
5.65  0.000391428
5.75  0.00032852
5.85  0.000251632
5.95  0.000311045
6.05  0.000265612
6.15  0.000237653
6.25  0.000202704
6.35  0.000174744
6.45  0.000181734
6.55  0.000160765
6.65  0.000111836
6.75  0.000104847
6.85  0.000129311
6.95  0.000104847
7.05  7.33927e-05
7.15  9.08671e-05
7.25  7.33927e-05
7.35  6.98978e-05
7.45  4.54336e-05
7.55  7.68876e-05
7.65  5.59182e-05
7.75  5.59182e-05
7.85  2.44642e-05
7.95  5.94131e-05
8.05  2.44642e-05
8.15  1.04847e-05
8.25  3.49489e-05
8.35  2.44642e-05
8.45  2.79591e-05
8.55  1.74745e-05
8.65  6.98978e-06
8.75  2.09693e-05
8.85  6.98978e-06
8.95  6.98978e-06
9.05  3.49489e-06
9.15  6.98978e-06
9.25  3.49489e-06
9.35  0
9.45  6.98978e-06
9.55  0
9.65  1.04847e-05
9.75  3.49489e-06
9.85  0
9.95  3.49489e-06
10.05  6.98978e-06
10.15  0
10.25  0
10.35  0
10.45  0
10.55  0
10.65  0
10.75  0
10.85  0
10.95  0
11.05  0
11.15  0
11.25  0
11.35  0
11.45  0
11.55  0
11.65  0
11.75  0
11.85  0
11.95  0
12.05  0
12.15  0
12.25  0
12.35  0
12.45  0
12.55  0
12.65  0
12.75  0
12.85  0
12.95  0
13.05  0
13.15  0
13.25  0
13.35  0
13.45  0
13.55  0
13.65  0
13.75  0
13.85  0
13.95  0
14.05  0
14.15  0
14.25  0
14.35  0
14.45  0
14.55  0
14.65  0
14.75  0
14.85  0
14.95  0
15.05  0
15.15  0
15.25  0
15.35  0
15.45  0
15.55  0
15.65  0
15.75  0
15.85  0
15.95  0
16.05  0
16.15  0
16.25  0
16.35  0
16.45  0
16.55  0
16.65  0
16.75  0
16.85  0
16.95  0
17.05  0
17.15  0
17.25  0
17.35  0
17.45  0
17.55  0
17.65  0
17.75  0
17.85  0
17.95  0
