0.05  6604.17
0.15  32.9135
0.25  11.3874
0.35  5.77174
0.45  3.50318
0.55  2.35092
0.65  1.68614
0.75  1.26706
0.85  0.98996
0.95  0.796744
1.05  0.65934
1.15  0.550784
1.25  0.465508
1.35  0.399816
1.45  0.345244
1.55  0.302812
1.65  0.269244
1.75  0.2397
1.85  0.21292
1.95  0.19122
2.05  0.174056
2.15  0.156864
2.25  0.14442
2.35  0.132704
2.45  0.12072
2.55  0.111988
2.65  0.103712
2.75  0.096844
2.85  0.08954
2.95  0.084148
3.05  0.078212
3.15  0.073464
3.25  0.069164
3.35  0.065452
3.45  0.062108
3.55  0.058008
3.65  0.054732
3.75  0.05144
3.85  0.048216
3.95  0.047116
4.05  0.044172
4.15  0.04196
4.25  0.039588
4.35  0.03834
4.45  0.03716
4.55  0.034692
4.65  0.03336
4.75  0.031584
4.85  0.030372
4.95  0.029284
5.05  0.028692
5.15  0.027364
5.25  0.02634
5.35  0.0246
5.45  0.024184
5.55  0.023408
5.65  0.022796
5.75  0.021796
5.85  0.020724
5.95  0.020152
6.05  0.018932
6.15  0.018924
6.25  0.018072
6.35  0.017504
6.45  0.017036
6.55  0.016
6.65  0.015992
6.75  0.015612
6.85  0.014968
6.95  0.014744
7.05  0.01404
7.15  0.013492
7.25  0.013392
7.35  0.012532
7.45  0.012372
7.55  0.012404
7.65  0.011664
7.75  0.011292
7.85  0.011192
7.95  0.011204
8.05  0.01064
8.15  0.010396
8.25  0.009812
8.35  0.009928
8.45  0.0097
8.55  0.009288
8.65  0.009336
8.75  0.008628
8.85  0.008536
8.95  0.008632
9.05  0.00796
9.15  0.008064
9.25  0.007712
9.35  0.00734
9.45  0.00752
9.55  0.007052
9.65  0.00708
9.75  0.006808
9.85  0.006516
9.95  0.006628
10.05  0.006224
10.15  0.006524
10.25  0.006284
10.35  0.005852
10.45  0.005856
10.55  0.005632
10.65  0.005592
10.75  0.005372
10.85  0.0054
10.95  0.005284
11.05  0.005068
11.15  0.005144
11.25  0.004792
11.35  0.005328
11.45  0.00472
11.55  0.00472
11.65  0.0046
11.75  0.004492
11.85  0.00434
11.95  0.004096
12.05  0.004372
12.15  0.00412
12.25  0.00376
12.35  0.004
12.45  0.003964
12.55  0.00366
12.65  0.003564
12.75  0.00352
12.85  0.003712
12.95  0.003372
13.05  0.003292
13.15  0.003404
13.25  0.003344
13.35  0.002976
13.45  0.003104
13.55  0.002884
13.65  0.002872
13.75  0.002736
13.85  0.002656
13.95  0.002872
14.05  0.002636
14.15  0.0025
14.25  0.002452
14.35  0.002468
14.45  0.00238
14.55  0.002404
14.65  0.002384
14.75  0.002292
14.85  0.002328
14.95  0.00224
15.05  0.002172
15.15  0.001948
15.25  0.001848
15.35  0.002048
15.45  0.001696
15.55  0.001808
15.65  0.001748
15.75  0.00172
15.85  0.001476
15.95  0.00136
16.05  0.00132
16.15  0.00116
16.25  0.001176
16.35  0.000968
16.45  0.000728
16.55  0
16.65  0
16.75  0
16.85  0
16.95  0
17.05  0
17.15  0
17.25  0
17.35  0
17.45  0
17.55  0
17.65  0
17.75  0
17.85  0
17.95  0
