0.05  0.28598
0.15  0.2888
0.25  0.237177
0.35  0.189224
0.45  0.18828
0.55  0.143297
0.65  0.143584
0.75  0.125886
0.85  0.112703
0.95  0.112553
1.05  0.0925692
1.15  0.0917129
1.25  0.0844785
1.35  0.07766
1.45  0.075556
1.55  0.0647743
1.65  0.0644143
1.75  0.0603428
1.85  0.0553765
1.95  0.0555932
2.05  0.0482889
2.15  0.0473907
2.25  0.0458774
2.35  0.0415717
2.45  0.0411349
2.55  0.0357038
2.65  0.0359065
2.75  0.0348336
2.85  0.0313247
2.95  0.0315169
3.05  0.027683
3.15  0.0275677
3.25  0.0260509
3.35  0.0245201
3.45  0.0247159
3.55  0.0214097
3.65  0.0212454
3.75  0.0198684
3.85  0.0185579
3.95  0.018439
4.05  0.0162093
4.15  0.0161114
4.25  0.0150909
4.35  0.0142557
4.45  0.0142347
4.55  0.0123929
4.65  0.0123125
4.75  0.0113968
4.85  0.0107782
4.95  0.0107608
5.05  0.0100268
5.15  0.00934534
5.25  0.00903429
5.35  0.0083458
5.45  0.00857297
5.55  0.00749304
5.65  0.00736723
5.75  0.00681504
5.85  0.00660185
5.95  0.00635371
6.05  0.00613703
6.15  0.00564425
6.25  0.00558483
6.35  0.00504662
6.45  0.00508506
6.55  0.00460627
6.65  0.00453637
6.75  0.00411698
6.85  0.0039667
6.95  0.00392127
7.05  0.00332015
7.15  0.00350537
7.25  0.00325374
7.35  0.0032153
7.45  0.00313492
7.55  0.00270155
7.65  0.00247089
7.75  0.00258622
7.85  0.00221227
7.95  0.00236954
8.05  0.0019816
8.15  0.00196413
8.25  0.00185579
8.35  0.00174745
8.45  0.00176841
8.55  0.00155173
8.65  0.00153076
8.75  0.00122321
8.85  0.00129311
8.95  0.00130709
9.05  0.00108691
9.15  0.0010939
9.25  0.000908671
9.35  0.000884207
9.45  0.000947115
9.55  0.000775866
9.65  0.000775866
9.75  0.000723442
9.85  0.000671019
9.95  0.000632575
10.05  0.000559182
10.15  0.000520739
10.25  0.000482295
10.35  0.000457831
10.45  0.000384438
10.55  0.000352984
10.65  0.000363469
10.75  0.000300561
10.85  0.000223673
10.95  0.000293571
11.05  0.000241147
11.15  0.000181734
11.25  0.000185229
11.35  0.000153775
11.45  0.000125816
11.55  0.000132806
11.65  0.000139796
11.75  8.38774e-05
11.85  9.78569e-05
11.95  9.08671e-05
12.05  5.59182e-05
12.15  6.98978e-05
12.25  6.2908e-05
12.35  1.74745e-05
12.45  5.24234e-05
12.55  1.04847e-05
12.65  1.39796e-05
12.75  1.04847e-05
12.85  1.39796e-05
12.95  0
13.05  0
13.15  3.49489e-06
13.25  0
13.35  0
13.45  0
13.55  0
13.65  0
13.75  0
13.85  0
13.95  0
14.05  0
14.15  0
14.25  0
14.35  0
14.45  0
14.55  0
14.65  0
14.75  0
14.85  0
14.95  0
15.05  0
15.15  0
15.25  0
15.35  0
15.45  0
15.55  0
15.65  0
15.75  0
15.85  0
15.95  0
16.05  0
16.15  0
16.25  0
16.35  0
16.45  0
16.55  0
16.65  0
16.75  0
16.85  0
16.95  0
17.05  0
17.15  0
17.25  0
17.35  0
17.45  0
17.55  0
17.65  0
17.75  0
17.85  0
17.95  0
