0.05  15.1804
0.15  0.249584
0.25  0.0866193
0.35  0.0446485
0.45  0.027415
0.55  0.0187851
0.65  0.0138355
0.75  0.0107059
0.85  0.00866969
0.95  0.00704424
1.05  0.00587876
1.15  0.00507001
1.25  0.00429882
1.35  0.00378465
1.45  0.00333837
1.55  0.00297162
1.65  0.00264841
1.75  0.00235517
1.85  0.00213485
1.95  0.00196738
2.05  0.00174412
2.15  0.00162178
2.25  0.00147021
2.35  0.00136109
2.45  0.00124291
2.55  0.00114015
2.65  0.00104632
2.75  0.000965582
2.85  0.000887044
2.95  0.000812542
3.05  0.000764587
3.15  0.000690208
3.25  0.000654365
3.35  0.000613627
3.45  0.000539615
3.55  0.000508665
3.65  0.00046805
3.75  0.000432328
3.85  0.000398197
3.95  0.000372874
4.05  0.000343514
4.15  0.000317946
4.25  0.000294825
4.35  0.000273539
4.45  0.000257391
4.55  0.000238551
4.65  0.000227052
4.75  0.000207111
4.85  0.000197936
4.95  0.000181421
5.05  0.00017139
5.15  0.000159279
5.25  0.000147902
5.35  0.000142397
5.45  0.000135301
5.55  0.000122579
5.65  0.000112425
5.75  0.000103862
5.85  9.59099e-05
5.95  9.07718e-05
6.05  8.64901e-05
6.15  6.9608e-05
6.25  6.9608e-05
6.35  6.7039e-05
6.45  6.05553e-05
6.55  5.46833e-05
6.65  4.99123e-05
6.75  4.91783e-05
6.85  4.35509e-05
6.95  4.02479e-05
7.05  4.19606e-05
7.15  3.19292e-05
7.25  3.27855e-05
7.35  3.14398e-05
7.45  2.77698e-05
7.55  2.52008e-05
7.65  2.06744e-05
7.75  1.94511e-05
7.85  1.72491e-05
7.95  1.65151e-05
8.05  1.32121e-05
8.15  1.08877e-05
8.25  1.24781e-05
8.35  9.17505e-06
8.45  9.17505e-06
8.55  8.80805e-06
8.65  7.21771e-06
8.75  5.50503e-06
8.85  5.13803e-06
8.95  5.62736e-06
9.05  5.01569e-06
9.15  3.91469e-06
9.25  3.54769e-06
9.35  2.81368e-06
9.45  2.93602e-06
9.55  2.81368e-06
9.65  3.18068e-06
9.75  1.95734e-06
9.85  2.20201e-06
9.95  1.95734e-06
10.05  1.59034e-06
10.15  1.71268e-06
10.25  7.34004e-07
10.35  1.34567e-06
10.45  1.34567e-06
10.55  4.89336e-07
10.65  3.67002e-07
10.75  7.34004e-07
10.85  2.44668e-07
10.95  7.34004e-07
11.05  1.22334e-07
11.15  3.67002e-07
11.25  3.67002e-07
11.35  2.44668e-07
11.45  0
11.55  7.34004e-07
11.65  0
11.75  1.22334e-07
11.85  1.22334e-07
11.95  2.44668e-07
12.05  0
12.15  2.44668e-07
12.25  1.22334e-07
12.35  1.22334e-07
12.45  0
12.55  0
12.65  0
12.75  0
12.85  1.22334e-07
12.95  0
13.05  0
13.15  0
13.25  0
13.35  0
13.45  0
13.55  0
13.65  0
13.75  0
13.85  0
13.95  0
14.05  0
14.15  0
14.25  0
14.35  0
14.45  0
14.55  0
14.65  0
14.75  0
14.85  0
14.95  0
15.05  0
15.15  0
15.25  0
15.35  0
15.45  0
15.55  0
15.65  0
15.75  0
15.85  0
15.95  0
16.05  0
16.15  0
16.25  0
16.35  0
16.45  0
16.55  0
16.65  0
16.75  0
16.85  0
16.95  0
17.05  0
17.15  0
17.25  0
17.35  0
17.45  0
17.55  0
17.65  0
17.75  0
17.85  0
17.95  0
