0.05  988.256
0.15  16.3376
0.25  5.65215
0.35  2.87309
0.45  1.74035
0.55  1.17159
0.65  0.843676
0.75  0.634636
0.85  0.495604
0.95  0.399308
1.05  0.323288
1.15  0.269592
1.25  0.228416
1.35  0.194496
1.45  0.170196
1.55  0.148908
1.65  0.130944
1.75  0.115672
1.85  0.102732
1.95  0.093272
2.05  0.083052
2.15  0.075744
2.25  0.068664
2.35  0.063856
2.45  0.058544
2.55  0.053108
2.65  0.04952
2.75  0.045728
2.85  0.042084
2.95  0.038996
3.05  0.03662
3.15  0.034184
3.25  0.032032
3.35  0.029976
3.45  0.028212
3.55  0.026324
3.65  0.024276
3.75  0.023584
3.85  0.021772
3.95  0.020884
4.05  0.019164
4.15  0.018864
4.25  0.01822
4.35  0.016856
4.45  0.016304
4.55  0.015308
4.65  0.014764
4.75  0.013672
4.85  0.0133
4.95  0.012836
5.05  0.012772
5.15  0.011424
5.25  0.01106
5.35  0.010252
5.45  0.0102
5.55  0.009628
5.65  0.009288
5.75  0.008664
5.85  0.00846
5.95  0.008188
6.05  0.008104
6.15  0.007324
6.25  0.00744
6.35  0.00692
6.45  0.006416
6.55  0.00626
6.65  0.006164
6.75  0.006024
6.85  0.005728
6.95  0.005604
7.05  0.00566
7.15  0.005104
7.25  0.005144
7.35  0.00474
7.45  0.004572
7.55  0.00452
7.65  0.004284
7.75  0.003816
7.85  0.003868
7.95  0.00396
8.05  0.0038
8.15  0.003528
8.25  0.003604
8.35  0.00352
8.45  0.003256
8.55  0.003308
8.65  0.00308
8.75  0.002828
8.85  0.003256
8.95  0.002616
9.05  0.002716
9.15  0.00252
9.25  0.0024
9.35  0.002208
9.45  0.002308
9.55  0.002352
9.65  0.001972
9.75  0.002016
9.85  0.001996
9.95  0.001976
10.05  0.001896
10.15  0.001724
10.25  0.001732
10.35  0.001772
10.45  0.001708
10.55  0.00162
10.65  0.001472
10.75  0.001464
10.85  0.001304
10.95  0.001404
11.05  0.001368
11.15  0.001296
11.25  0.001156
11.35  0.001152
11.45  0.00114
11.55  0.001128
11.65  0.00104
11.75  0.000948
11.85  0.000952
11.95  0.000892
12.05  0.000972
12.15  0.000852
12.25  0.000796
12.35  0.00082
12.45  0.000748
12.55  0.000764
12.65  0.000808
12.75  0.000708
12.85  0.000648
12.95  0.00066
13.05  0.000536
13.15  0.000528
13.25  0.000468
13.35  0.000464
13.45  0.0005
13.55  0.000508
13.65  0.000408
13.75  0.000416
13.85  0.000404
13.95  0.000396
14.05  0.000344
14.15  0.000304
14.25  0.000328
14.35  0.000244
14.45  0.000252
14.55  0.000288
14.65  0.000268
14.75  0.000248
14.85  0.000188
14.95  0.000176
15.05  0.000152
15.15  0.000172
15.25  0.000116
15.35  8e-05
15.45  9.2e-05
15.55  0.000112
15.65  7.6e-05
15.75  5.6e-05
15.85  6e-05
15.95  8e-05
16.05  3.2e-05
16.15  3.2e-05
16.25  1.6e-05
16.35  8e-06
16.45  4e-06
16.55  0
16.65  0
16.75  0
16.85  0
16.95  0
17.05  0
17.15  0
17.25  0
17.35  0
17.45  0
17.55  0
17.65  0
17.75  0
17.85  0
17.95  0
