0.05  321.781
0.15  5.33576
0.25  1.86888
0.35  0.970059
0.45  0.599828
0.55  0.409748
0.65  0.301958
0.75  0.230268
0.85  0.184237
0.95  0.15057
1.05  0.124037
1.15  0.105238
1.25  0.0894936
1.35  0.0770239
1.45  0.067032
1.55  0.0594551
1.65  0.0524863
1.75  0.0462688
1.85  0.0416137
1.95  0.0370214
2.05  0.033509
2.15  0.0302902
2.25  0.0279486
2.35  0.0253624
2.45  0.0228706
2.55  0.0205849
2.65  0.0193757
2.75  0.01745
2.85  0.0166601
2.95  0.01471
3.05  0.0137279
3.15  0.0127598
3.25  0.0121308
3.35  0.0109145
3.45  0.0100408
3.55  0.00912865
3.65  0.00863238
3.75  0.00792292
3.85  0.00745111
3.95  0.00685348
4.05  0.00638167
4.15  0.00583996
4.25  0.00564774
4.35  0.00527029
4.45  0.0048579
4.55  0.00428474
4.65  0.00402611
4.75  0.00392476
4.85  0.00356129
4.95  0.00331665
5.05  0.00297765
5.15  0.00285882
5.25  0.00269456
5.35  0.00247788
5.45  0.00244642
5.55  0.00234507
5.65  0.00211441
5.75  0.00188724
5.85  0.00169852
5.95  0.00173696
6.05  0.00156222
6.15  0.00140844
6.25  0.00121972
6.35  0.00133155
6.45  0.00104497
6.55  0.00118826
6.65  0.00104148
6.75  0.000933136
6.85  0.000873723
6.95  0.000810814
7.05  0.000772371
7.15  0.00080732
7.25  0.000678009
7.35  0.000691988
7.45  0.000566172
7.55  0.000559182
7.65  0.000433366
7.75  0.000440356
7.85  0.000443851
7.95  0.000370458
8.05  0.000349489
8.15  0.000293571
8.25  0.00032153
8.35  0.000304055
8.45  0.000244642
8.55  0.000237653
8.65  0.000230663
8.75  0.000206199
8.85  0.000206199
8.95  0.000153775
9.05  0.000209693
9.15  0.000195714
9.25  0.000129311
9.35  0.000125816
9.45  0.000139796
9.55  0.000115331
9.65  8.38774e-05
9.75  6.64029e-05
9.85  7.68876e-05
9.95  4.89285e-05
10.05  6.2908e-05
10.15  3.84438e-05
10.25  5.24234e-05
10.35  4.54336e-05
10.45  3.1454e-05
10.55  4.89285e-05
10.65  1.74745e-05
10.75  2.79591e-05
10.85  1.04847e-05
10.95  2.09693e-05
11.05  6.98978e-06
11.15  2.44642e-05
11.25  1.04847e-05
11.35  6.98978e-06
11.45  6.98978e-06
11.55  6.98978e-06
11.65  1.74745e-05
11.75  3.49489e-06
11.85  3.49489e-06
11.95  3.49489e-06
12.05  3.49489e-06
12.15  3.49489e-06
12.25  0
12.35  0
12.45  0
12.55  0
12.65  0
12.75  0
12.85  0
12.95  0
13.05  0
13.15  0
13.25  0
13.35  0
13.45  0
13.55  0
13.65  0
13.75  0
13.85  0
13.95  0
14.05  0
14.15  0
14.25  0
14.35  0
14.45  0
14.55  0
14.65  0
14.75  0
14.85  0
14.95  0
15.05  0
15.15  0
15.25  0
15.35  0
15.45  0
15.55  0
15.65  0
15.75  0
15.85  0
15.95  0
16.05  0
16.15  0
16.25  0
16.35  0
16.45  0
16.55  0
16.65  0
16.75  0
16.85  0
16.95  0
17.05  0
17.15  0
17.25  0
17.35  0
17.45  0
17.55  0
17.65  0
17.75  0
17.85  0
17.95  0
